('UNKNOWN', 'UNKNOWN', [255, 255, 128], [128, 128, 0], 'YELLOW', [255, 255, 0], array([[[119, 127,  71],
        [119, 127,  71],
        [119, 127,  71],
        ...,
        [119, 127,  71],
        [  0,   0,   0],
        [  0,   0,   0]],

       [[119, 127,  71],
        [119, 127,  71],
        [119, 127,  71],
        ...,
        [  0,   0,   0],
        [  0,   0,   0],
        [  0,   0,   0]],

       [[119, 127,  71],
        [  0,   0,   0],
        [  0,   0,   0],
        ...,
        [  0,   0,   0],
        [  0,   0,   0],
        [  0,   0,   0]],

       ...,

       [[  0,   0,   0],
        [  0,   0,   0],
        [  0,   0,   0],
        ...,
        [  0,   0,   0],
        [  0,   0,   0],
        [  0,   0,   0]],

       [[  0,   0,   0],
        [  0,   0,   0],
        [  0,   0,   0],
        ...,
        [  0,   0,   0],
        [  0,   0,   0],
        [  0,   0,   0]],

       [[  0,   0,   0],
        [  0,   0,   0],
        [  0,   0,   0],
        ...,
        [  0,   0,   0],
        [  0,   0,   0],
        [  0,   0,   0]]], dtype=uint8))